0|山峒·木叶|72,77,78,75,87
1|山峒·盐芽|64,69,57,68,66
2|山峒·木肩|69,77,69,77,82
3|陆敬衡|60,42,63,72,35
4|陆守衡|49,45,66,71,46
5|陆承衡|77,78,61,72,82
6|陆文远|70,51,49,67,57
7|顾文衡|62,65,69,78,68
8|顾彦衡|46,52,53,75,56
9|顾仲衡|64,62,45,66,72
10|顾季远|68,66,67,73,69
11|许季衡|38,31,60,62,28
12|许行衡|58,63,50,73,67
13|许知衡|81,72,60,75,73
14|许广远|67,73,62,65,57
15|宋广衡|59,68,62,76,72
16|宋应衡|48,43,70,73,50
17|宋希衡|84,76,78,73,63
18|宋明远|68,73,57,62,69
19|韩明衡|55,38,53,77,30
20|韩正衡|64,77,51,74,80
21|韩惟衡|72,67,63,68,78
22|韩令远|56,61,42,64,56
23|孟令衡|65,60,78,76,78
24|孟延衡|76,73,59,73,81
25|孟元远|66,67,65,64,75
26|孟景远|70,63,54,68,71
27|程景衡|61,73,67,78,78
28|程怀衡|42,38,61,77,39
29|程敬远|77,83,64,75,86
30|程守远|57,66,67,76,72
31|邵守衡|58,52,79,75,43
32|邵承衡|58,57,48,71,64
33|邵文远|65,70,62,63,78
34|邵彦远|61,67,59,76,73
35|杜彦衡|62,57,75,72,72
36|杜仲衡|56,65,51,73,67
37|杜季远|76,74,40,69,78
38|杜行远|64,44,41,63,37
39|薛行衡|56,43,61,74,34
40|薛知衡|50,52,62,74,59
41|薛广远|85,71,54,74,72
42|薛应远|52,34,46,73,29
43|卢应衡|74,70,67,77,62
44|卢希衡|55,53,48,70,58
45|卢明远|68,66,48,55,76
46|卢正远|66,68,66,75,74
47|范正衡|73,77,76,79,81
48|范惟衡|65,77,59,78,83
49|范令远|68,68,43,65,73
50|范延远|62,63,52,69,67
51|韦延衡|46,42,58,73,45
52|韦元远|60,54,65,62,45
53|韦景远|57,63,52,72,76
54|韦怀远|55,60,52,63,66
55|陶怀衡|66,68,73,72,68
56|陶敬远|63,64,51,77,77
57|陶守远|63,71,58,73,78
58|陶承远|78,84,52,72,86
59|苏承衡|66,79,81,76,89
60|苏文远|43,42,67,69,48
61|苏彦远|82,72,72,71,83
62|苏仲远|58,65,59,70,68
63|林仲衡|65,70,72,78,73
64|林季远|60,78,58,80,86
65|林行远|69,73,62,69,58
66|林知远|68,70,61,73,76
67|余知衡|60,69,61,74,68
68|余广远|50,54,63,73,69
69|余应远|62,79,48,65,87
70|余希远|61,64,39,57,62
71|蒋希衡|47,65,58,77,71
72|蒋明远|60,64,48,74,72
73|蒋正远|64,62,61,70,72
74|蒋惟远|64,73,55,67,76
75|姚惟衡|43,29,49,76,24
76|姚令远|48,46,60,75,51
77|姚延远|77,82,76,78,90
78|姚元简|62,64,52,70,68
79|董元远|68,74,70,77,77
80|董景远|55,54,57,71,55
81|董怀远|68,71,63,66,75
82|董敬简|79,76,66,69,57
83|冯敬远|78,79,53,79,88
84|冯守远|55,46,68,77,55
85|冯承远|76,78,74,75,88
86|冯文简|68,55,69,70,72
87|秦文远|49,33,61,81,29
88|秦彦远|49,42,64,73,39
89|秦仲远|65,72,47,72,78
90|秦季简|51,64,46,71,63
91|郑季远|60,46,67,75,54
92|郑行远|48,50,64,71,58
93|郑知远|61,65,41,65,70
94|郑广简|72,57,72,64,72
95|柳广远|67,73,55,77,78
96|柳应远|79,75,65,66,57
97|柳希远|74,65,52,68,76
98|柳明简|63,74,74,76,63
99|田明远|61,41,70,74,38
100|田正远|76,75,57,66,66
101|田惟远|75,72,65,75,82
102|田令简|72,62,75,64,58
103|何令远|62,70,70,78,65
104|何延远|62,66,51,70,76
105|何元简|78,64,68,65,75
106|何景简|76,61,66,69,71
107|张景远|65,51,71,76,54
108|张怀远|60,76,56,79,88
109|张敬简|76,70,66,67,79
110|张守简|64,65,55,68,65
111|沈守远|84,74,79,73,71
112|沈承远|40,36,62,76,45
113|沈文简|75,74,61,76,82
114|沈彦简|46,40,57,67,43
115|陆彦远|78,82,76,80,85
116|陆仲远|56,59,72,77,67
117|陆季简|76,75,73,75,83
118|陆行简|63,78,75,76,80
119|顾行远|55,44,69,62,51
120|顾知远|71,82,64,77,92
121|顾广简|67,72,66,74,83
122|顾应简|59,53,48,65,44
123|许应远|77,73,73,79,77
124|许希远|40,39,58,70,49
125|许明简|87,81,72,79,83
126|许正简|74,88,83,74,91
127|宋正远|68,62,70,72,70
128|宋惟远|55,41,72,60,51
129|宋令简|68,78,47,75,83
130|宋延简|63,65,65,72,73
131|韩延远|59,76,66,79,84
132|韩元简|65,58,56,73,70
133|韩景简|85,75,70,80,79
134|韩怀简|65,69,62,72,77
135|孟怀远|70,67,71,75,70
136|孟敬简|55,66,49,71,73
137|孟守简|69,66,64,69,76
138|孟承简|68,65,64,77,74
139|程承远|81,78,74,77,83
140|程文简|71,72,61,80,87
141|程彦简|68,89,58,74,93
142|程仲简|66,74,60,73,81
143|邵仲远|70,83,84,78,92
144|邵季简|61,65,56,69,52
145|邵行简|71,77,69,70,81
146|邵知简|70,78,73,81,84
147|杜知远|71,71,68,78,66
148|杜广简|50,52,56,77,74
149|杜应简|81,83,78,74,92
150|杜希简|54,64,48,72,65
151|薛希远|55,74,77,75,79
152|薛明简|58,54,48,72,41
153|薛正简|71,68,50,70,75
154|薛惟简|71,58,75,69,72
155|卢惟远|80,84,80,76,66
156|卢令简|41,42,69,75,48
157|卢延简|62,67,60,76,73
158|卢元安|62,63,47,66,68
159|范元简|29,27,61,71,23
160|范景简|71,77,73,76,90
161|范怀简|89,84,81,78,86
162|范敬安|73,90,72,77,88
163|韦敬简|78,75,83,77,69
164|韦守简|54,43,56,62,44
165|韦承简|66,71,64,73,81
166|韦文安|71,74,65,80,83
167|陶文简|43,34,62,64,27
168|陶彦简|73,80,64,79,92
169|陶仲简|70,86,55,73,90
170|陶季安|69,87,80,77,90
171|苏季简|66,80,79,78,86
172|苏行简|46,49,62,74,53
173|苏知简|86,81,58,75,84
174|苏广安|64,61,67,70,52
175|林广简|72,83,76,79,90
176|林应简|49,52,69,76,65
177|林希简|80,81,70,76,84
178|林明安|64,62,60,70,64
179|余明简|64,70,76,78,79
180|余正简|43,49,67,75,54
181|余惟简|83,79,69,77,84
182|余令安|65,61,63,70,78
183|蒋令简|65,77,82,82,92
184|蒋延简|48,50,71,75,62
185|蒋元安|74,76,69,79,84
186|蒋景安|65,71,68,74,78
187|姚景简|53,51,68,75,54
188|姚怀简|40,39,57,57,42
189|姚敬安|77,83,48,71,88
190|姚守安|64,75,79,75,82
191|董守简|66,79,75,77,80
192|董承简|56,39,64,77,46
193|董文安|84,73,72,71,77
194|董彦安|61,64,49,60,61
195|逻些·曲札|66,68,74,72,73
196|逻些·卓玛|61,71,51,79,74
197|逻些·赤绳|74,78,68,81,82
198|凉州·石录|72,73,70,75,78
199|凉州·黑弦|82,80,61,76,85
200|沙州·索守诚|65,73,76,76,83
201|沙州·骨箭|61,64,62,69,68
202|杨苴和|55,48,76,69,56
203|杨细奴|72,74,64,74,79
204|段罗生|44,45,42,66,58
205|牙帐·白笔|59,66,80,73,71
206|牙帐·双铃|63,68,76,75,73
207|牙帐·阿缦|79,76,66,74,86
208|牙帐·折弓|66,73,59,73,81
209|林缘·青袋|61,65,73,68,64
210|林缘·瘦鹰|69,77,68,84,90
211|潢水·白结|77,79,83,78,84
212|潢水·花鬃|74,72,64,81,83
213|潢水·灰弓|73,78,71,74,78
214|冷陉·石舌|70,73,71,82,77
215|冷陉·细石|75,69,54,70,74
216|黑水·双鳍|45,44,67,70,40
217|林河·鱼脊|80,85,75,77,85
218|高文直|61,67,81,72,72
219|高延海|69,78,73,84,90
220|李石津|65,74,76,77,81
221|朴正海|65,67,85,73,72
222|朴仲海|61,62,75,75,59
223|崔连珠|65,73,52,72,82
224|朴玄植|76,79,73,74,79
225|文室广成|71,71,81,68,75
226|秦浜主|66,69,59,74,72
227|纪糸子|70,75,64,73,83
228|大伴国足|73,77,80,73,84
229|河口·潮叶|78,86,78,74,85
230|河口·短桨|69,75,64,73,80
231|占港·宝言|61,49,81,72,41
232|占港·海珊|62,71,65,78,84
233|占港·长桨|72,80,64,78,87
234|西山·藤鞍|76,82,75,79,88
235|哈林·渠石|75,78,61,82,83
236|河湾·水字|81,89,82,78,88
237|河湾·仓木|70,82,66,73,90
238|上河·双岸|83,86,84,75,86
239|上河·青藤|75,85,72,80,89
240|海湾·白贝|60,70,65,77,78
241|海湾·黑桨|74,80,72,82,85
242|龟兹·老石|77,81,73,84,88
243|碎叶·旧鞍|75,80,80,78,84
244|勃律·岩肩|73,78,81,76,85
245|迦湿弥罗·石门|68,79,80,79,84
246|泥婆罗·岩步|72,78,82,77,85
247|湖岸·长鳍|82,84,84,77,85
248|诃里诃罗·坚岸|74,77,83,78,82
249|堕和罗·门槐|73,74,79,78,79
250|羯荼·旧帆|74,80,80,84,83
251|剑河·老砧|67,73,67,80,82
252|剑河·长火|65,69,36,76,77
253|剑河·黑渡|67,76,58,85,92
254|林河·软皮|67,72,67,79,87
255|哈林·稻青|75,78,54,70,84
256|耽罗·石言|75,77,80,75,87
257|耽罗·木潮|82,81,67,77,83
258|辽城·陈旧墨|77,82,77,79,93
259|辽城·赵短刀|69,76,65,78,83
260|萨水·柳岸|81,83,82,79,90
261|萨水·金石步|79,76,72,76,79
262|黑水·旧桦|72,77,69,79,83
263|迦摩缕波·日护|65,61,78,73,67
264|迦摩缕波·长篙|67,77,54,77,80
265|帕凯·盐枝|65,73,75,74,86
266|帕凯·白径|81,85,75,80,87
267|西山·细路|73,84,63,71,85
268|怒江·回声|79,83,81,76,90
269|怒江·青足|65,78,55,81,84
270|大碛·井环|85,82,72,80,87
271|大碛·长影|68,83,74,85,92
272|高黎贡·驮月|70,74,66,73,83
273|高黎贡·望火|68,75,66,82,85
274|滇东·渡穗|74,81,63,78,82
275|滇东·林步|71,83,61,72,88
276|津轻·谷铃|70,71,77,75,73
277|津轻·木影|73,81,73,84,92
278|石狩·潮石|70,73,73,72,81
279|石狩·旧浪|80,82,73,85,90
280|龟兹·善言|68,75,83,85,86
281|龟兹·渠月|75,80,75,81,86
282|碎叶·双语|67,79,77,76,78
283|碎叶·石箭|71,80,57,73,89
284|勃律·两川|78,77,86,75,82
285|勃律·雪眼|70,85,70,89,94
286|迦湿弥罗·苏摩|68,70,86,78,71
287|泥婆罗·宝护|76,80,86,78,92
288|泥婆罗·铜叶|64,82,59,83,93
289|湖岸·鱼籽|73,79,69,76,88
290|诃里诃罗·因陀|61,64,88,73,62
291|堕和罗·稻珠|88,86,81,77,91
292|羯荼·风语|65,63,78,76,60
293|羯荼·海线|89,86,53,83,86
294|曲女城·诃利护|67,77,82,84,88
295|秣菟罗·月目|72,78,76,79,86
296|曲女城·罗怙|63,70,58,74,78
297|摩揭陀·智护|78,85,86,86,92
298|那烂陀·法友|89,83,78,85,90
299|瞻波·难陀|78,78,69,83,88
300|滨路|64,74,43,76,81
301|莲实|68,75,62,67,82
302|阿绒|69,75,62,75,82
303|桑堤|69,72,83,72,73
304|成都·韦季|77,79,73,79,87
305|阿苴|71,76,52,82,85
306|李和春|60,60,49,62,55
307|铜月|55,64,62,78,75
308|明灯|88,84,84,79,90
309|红鬃|71,74,59,78,87
310|杨素莲|65,72,72,78,85
311|门石|63,73,68,74,94
312|海照|70,70,68,77,81
313|莲目|89,84,88,82,94
314|铁叶|62,74,44,81,83
315|甘露|74,80,78,72,86
316|阿梨|63,69,58,79,79
317|青石|64,75,86,78,83
318|莲音|64,72,87,77,85
319|金花|85,83,62,77,89
320|达摩|60,65,48,70,64
321|莲沙|73,75,71,75,82
322|木芽|69,65,52,66,47
323|白苔|66,70,60,73,78
324|短鬃|59,61,43,62,54
325|冬芽|65,70,49,64,71
326|枯枝|69,74,57,83,81
327|春水|66,68,61,70,68
328|麻花|72,77,67,75,83
329|细浪|78,76,71,83,87
330|苇穗|65,70,60,68,78
331|雪穗|76,75,63,75,83
332|纸杏|74,73,81,79,89
333|杏枝|73,78,75,78,91
334|绒芽|71,73,77,70,80
335|星沙|65,69,69,81,76
336|莲雨|85,77,70,76,88
337|阿藤|63,73,71,76,83
338|果枝|69,66,65,75,80
339|红籽|82,78,70,71,84
340|阿茶|74,72,80,73,83
341|禾芽|74,77,66,72,90
342|雨贝|65,69,61,67,75
343|木贝|59,61,48,66,56
344|海蓼|70,74,65,71,86
345|吴归芦|66,70,79,68,77
346|芦衣|79,79,82,72,86
347|花砖|66,75,69,74,86
348|雨纹|70,76,50,73,76
349|红竹|70,75,54,71,81
350|荞花|71,81,67,70,87
351|莲灯|65,74,78,72,87
352|月果|76,78,85,82,91
